3272628905411412322532726289054114123225460962855054272560424652325475689324225547921910790447535970703088085796693700232395911456302644887702268677361749369503
6165090556100240556578254615362316919632686788578862268582041110550899997122109466662639524932026133159857939657525368103948405509814531276278112715752376975555
2904933618033941173219591909184342181069475648074120945724982113294779574741460468144697019855073110338895338047857062698913284583566399452238027528711700430918
7152818436989000925456794201065018800022273963211301422724870594455025795091759977739348963450375644593666283761456744576343867313003714253132495891585126633820
7688957566422853293882855468352962123020761470330200821403573662955633019152748363940256198607185448975174680798349180959169364850405053375875959741669514642506
8303721255733572360339365007881880125860838531043072169062008911829140579489993701494398746808049640503948669344190176265353670758115424973636112446145375071125
9543821709429990827537992750415114106897711873575437420235845804360976231685098809615366176216234294795062851287777515948658244320321076546597830806064794605902
5372484113365601532126567166232398797892726569439409025043103799143910041746949293166271422844710808942796946549933753751569142698005163582617090479819593734330
2658231199030630801110293276550469588949318062592567986555333132897774690783832528222660951547506536090084696160994069917130736035926328082275807985620844210048
2050042892010348738549249985782318177232707593638105830342518305395853113113232343097246343932277235063445150621290634475992083358787141614236072297435857360853
5046127018095543369542254647866846125798867947014852847036330890083459019930574832659050348561361792274917892909443960082789919845771924122646189248613977746428
1018429725751553259237179079743298400605561245151890294238321489306903886415356372431760861175645952534964549763977361406898662895170169677474965912253049666915
7535697506849235148444705559166356926686249731614540719088106497859886619880536200086185878001451248273163273848683754424012005617636473542755059360132504880663
9854225877904162535534717058521998414454379079680108062426701460223897385480491530857474510427077053774312975777879053133845110226491229465842103303450014592719
3497608532127861752624009567214806143777882182288387567476309717510959241473082319617211485834703262499210346523326708897341404464941396905196206945419431078362
4304243631767801879806984447748269904637877485173082094404107671124034826733906827081475285116237603929875464062547223335610462631354653496496782584032471559771
4130361752955293674795633090584991600035352030396537951781268376082579337436481495423462204493407615311012685993778187413379535123964708926549257800848965557504
8584697859166519108180667474054567253086914767190076505349641485401918692734279801140726000755107531227191498348695661594733551338126494596688947434780664199296
3219125967685646908204174561581139092638085698313588795968025196069896832750010721509262215471773523052012792082643953740164106171472943917314216809897774133502
6681172868894480687822109252985056412981184882060188136996258990764048494672058392025967599784038743720595671197306700153220645462555451085345075613282556387663
2721782190069765012549497916501557136632078058415390271449641809336797957422570847274230212250928403221217665395328196534874899111628345220808999072173734570288
6795238157612349407811527514782349888422628037561988292897164372161954829350308535075020824194741128902641027152344252733670795976350334188231523137295446658494
3990999048675033522977165815874862703560197746739145549190218084007953413669005824834306209411742344162919760059942058009750893054575953682217459453600909389915
0338104268862567549384727436596567255269951294381205830957163546442233605754028249949639908603392777491752736181334158010118176184451202777418127515366594515698
1109919762687029151116409386248804916644544275397924700309331243190729655158542661776488425902547103201429642508937639416644695347223347552185946667193582464214
5022455196102367695255059360132504880663387623498629430724359854225877904162535583471705852199841445379079680108062426701460223897385480491530857474510427077053
7743129757778790531338451102264912294658421033034500145927193497608532127861752624009567214806143777882182288387567476309717510959241473082319617211485834703262
4992103465233267088973414044649413969051962069454194310783624304243631767801879806984447748269904637877485173082094404107671124034826733906827081475285116237603
9298754640625472233356104626313546534964967825840324715597714130361752955293674795633090584991600035352030396537951781268376082579337436481495423462204493407615
3110126859937781874133795351239647089265492578008489655575048584697859166519108180667474054567253086914767190076505349641485401918692734279801140726000755107531
2271914983486956615947335513381264945966889474347806641992963219125967685646908204174561581139092638085698313588795968025196069896832750010715092622154717735235
0520127920826439537401641061714729439173142168098977741335026681172868894480687822109252985056412981184882060188136996258990764048494672058392025967599784038743
7205956711973067001532206454625554510853450756132825563876632721782190069765012549497916501557136632078058415390271449641809336797957422570847274230212250928403
2212176653953281965348748991116283452208089990721737345702886795238157612349407811527514782349888422628037561988292897164372161954829350308535075020824194741128
9026410271523442527336707959763503341882315231372954466584943990999048675033522977165815874862703560197746739145549190218084007953413669005824834306209411742344
1629197600599420580097508930545759536822174594536009093899150338104268862567549384727436596567255269951294381205830957163546442233605754028249949639908603392777
4917527361813341580101181761844512027774181275153665945156981109919762687029151116409386248804916644544275397924700309331243190729655158542661776488425902547103
2014296425089376394166446953472233475521546466671935824642147622455196102367695270356019774673914554919021808400795341366900523894762738462746274525097587151555
9543821709429990827537992750415114106897711873575437420235845804360976231685098809615366176216234294795062851287777515948658244320321076546597830806064794605902
5372484113365601532126567166232398797892726569439409025043103799143910041746949293166271422844710808942796946549933753751569142698005163582617090479819593734330
2658231199030630801110293276550469588949318062592567986555333132897774690783832528222660951547506536090084696160994069917130736035926328082275807985620844210048
2050042892010348738549249985782318177232707593638105830342518305395853113113232343097246343932277235063445150621290634475992083358787141614236072297435857360853
5046127018095543369542254647866846125798867947014852847036330890083459019930574832659050348561361792274917892909443960082789919845771924122646189248613977746428
1018429725751553259237179079743298400605561245151890294238321489306903886415356372431760861175645952534964549763977361406898662895170169677474965912253049666915
7535697506849235148444705559166356926686249731614540719088106497859886619880536200086185878001451248273163273848683754424012005617636473542755059360132504880663
9854225877904162535534717058521998414454379079680108062426701460223897385480491530857474510427077053774312975777879053133845110226491229465842103303450014592719
3497608532127861752624009567214806143777882182288387567476309717510959241473082319617211485834703262499210346523326708897341404464941396905196206945419431078362
4304243631767801879806984447748269904637877485173082094404107671124034826733906827081475285116237603929875464062547223335610462631354653496496782584032471559771
4130361752955293674795633090584991600035352030396537951781268376082579337436481495423462204493407615311012685993778187413379535123964708926549257800848965557504
8584697859166519108180667474054567253086914767190076505349641485401918692734279801140726000755107531227191498348695661594733551338126494596688947434780664199296
3219125967685646908204174561581139092638085698313588795968025196069896832750010721509262215471773523052012792082643953740164106171472943917314216809897774133502
6681172868894480687822109252985056412981184882060188136996258990764048494672058392025967599784038743720595671197306700153220645462555451085345075613282556387663
2721782190069765012549497916501557136632078058415390271449641809336797957422570847274230212250928403221217665395328196534874899111628345220808999072173734570288
6795238157612349407811527514782349888422628037561988292897164372161954829350308535075020824194741128902641027152344252733670795976350334188231523137295446658494
3990999048675033522977165815874862703560197746739145549190218084007953413669005824834306209411742344162919760059942058009750893054575953682217459453600909389915
0338104268862567549384727436596567255269951294381205830957163546442233605754028249949639908603392777491752736181334158010118176184451202777418127515366594515698
1109919762687029151116409386248804916644544275397924700309331243190729655158542661776488425902547103201429642508937639416644695347223347552185946667193582464214
5022455196102367695255059360132504880663387623498629430724359854225877904162535583471705852199841445379079680108062426701460223897385480491530857474510427077053
7743129757778790531338451102264912294658421033034500145927193497608532127861752624009567214806143777882182288387567476309717510959241473082319617211485834703262